0.235
0.225
0.221
0.216
0.223
0.234
0.218
0.219
0.229
0.241
0.228
0.236
0.212
0.224
0.208
0.21
0.213
0.22
0.212
0.218
0.235
0.22
0.23
0.225
0.202
0.235
0.228
0.2
0.218
0.214
0.23
0.241
0.204
0.216
0.223
0.214
0.212
0.198
0.234
0.218
0.223
0.228
0.203
0.22
0.225
0.216
0.213
0.218
0.225
0.226
0.193
0.221
0.217
0.236
0.207
0.22
0.223
0.207
0.218
0.218
0.241
0.226
0.218
0.214
0.235
0.225
0.21
0.224
0.213
0.22
0.215
0.215
0.22
0.227
0.213
0.23
0.215
0.228
0.199
0.238
0.219
0.233
0.22
0.217
0.222
0.233
0.213
0.205
0.228
0.221
0.21
0.228
0.206
0.206
0.219
0.227
0.2
0.228
0.217
0.218
0.206
0.23
0.233
0.221
0.213
0.226
0.223
0.222
0.234
0.218
0.22
0.217
0.225
0.219
0.221
0.214
0.206
0.228
0.234
0.232
0.22
0.23
0.219
0.213
0.218
0.225
0.225
0.217
0.223
0.225
0.215
0.223
0.212
0.208
0.213
0.231
0.215
0.213
0.208
0.203
0.216
0.227
0.224
0.203
0.216
0.209
0.221
0.23
0.216
0.219
0.2
0.201
0.24
0.227
0.226
0.233
0.213
0.226
0.227
0.221
0.228
0.217
0.222
0.229
0.229
0.219
0.21
0.216
0.209
0.226
0.221
0.225
0.217
0.232
0.245
0.224
0.227
0.213
0.22
0.224
0.215
0.219
0.213
0.226
0.225
0.217
0.218
0.234
0.242
0.21
0.213
0.215
0.22
0.23
0.224
0.207
0.218
0.224
0.244
0.224
0.225
0.241
0.211
0.222
0.216
0.218
0.24
0.215
0.227
0.239
0.218
0.232
0.214
0.214
0.218
0.23
0.218
0.223
0.192
0.208
0.221
0.237
0.215
0.231
0.213
0.231
0.21
0.219
0.21
0.222
0.217
0.225
0.221
0.218
0.212
0.221
0.207
0.206
0.218
0.214
0.221
0.205
0.241
0.213
0.22
0.223
0.219
0.217
0.21
0.21
0.195
0.229
0.215
0.225
0.204
0.219
0.211
0.24
0.223
0.218
0.219
0.222
0.207
0.208
0.232
0.22
0.197
0.229
0.202
0.227
0.208
0.215
0.225
0.217
0.223
0.213
0.224
0.22
0.203
0.209
0.236
0.228
0.229
0.23
0.223
0.24
0.235
0.218
0.211
0.219
0.201
0.218
0.224
0.223
0.221
0.225
0.225
0.224
0.227
0.224
0.212
0.2
0.229
0.228
0.223
0.223
0.217
0.214
0.221
0.207
0.217
0.214
0.227
0.203
0.194
0.213
0.218
0.225
0.205
0.21
0.225
0.227
0.223
0.227
0.222
0.223
0.24
0.23
0.209
0.226
0.228
0.239
0.203
0.217
0.216
0.213
0.215
0.247
0.223
0.224
0.214
0.217
0.215
0.227
0.209
0.224
0.225
0.224
0.228
0.21
0.215
0.222
0.196
0.227
0.213
0.226
0.24
0.217
0.226
0.224
0.21
0.218
0.23
0.222
0.237
0.219
0.209
0.216
0.219
0.23
0.228
0.233
0.222
0.211
0.219
0.229
0.204
0.214
0.201
0.194
0.231
0.247
0.22
0.208
0.212
0.218
0.222
0.224
0.207
0.227
0.217
0.218
0.233
0.203
0.221
0.222
0.213
0.216
0.213
0.228
0.22
0.217
0.215
0.217
0.237
0.234
0.21
0.228
0.204
0.234
0.204
0.231
0.21
0.206
0.236
0.222
0.239
0.236
0.203
0.21
0.202
0.23
0.227
0.21
0.21
0.235
0.214
0.233
0.223
0.226
0.242
0.214
0.23
0.235
0.215
0.205
0.22
0.224
0.212
0.234
0.204
0.204
0.235
0.205
0.216
0.227
0.224
0.225
0.22
0.196
0.201
0.22
0.214
0.211
0.225
0.227
0.207
0.23
0.212
0.214
0.221
0.238
0.233
0.231
0.225
0.198
0.21
0.219
0.204
0.217
0.222
0.222
0.231
0.208
0.219
0.23
0.207
0.23
0.222
0.219
0.21
0.222
0.23
0.224
0.224
0.214
0.212
0.224
0.219
0.223
0.235
0.226
0.226
0.227
0.223
0.222
0.234
0.221
0.224
0.229
0.218
0.218
0.223
0.215
0.222
0.231
0.238
0.214
0.207
0.221
0.199
0.217
0.206
0.227
0.224
0.23
0.226
0.22
0.215
0.21
0.197
0.217
0.229
0.221
0.21
0.231
0.226
0.235
0.21
0.225
0.204
0.236
0.219
0.208
0.216
0.232
0.21
0.196
0.217
0.229
0.233
0.225
0.218
0.222
0.232
0.22
0.228
0.219
0.222
0.225
0.223
0.223
0.224
0.207
0.244
0.223
0.211
0.218
0.227
0.202
0.214
0.222
0.206
0.216
0.24
0.215
0.223
0.218
0.224
0.222
0.208
0.232
0.239
0.223
0.225
0.224
0.234
0.212
0.211
0.212
0.21
0.212
0.236
0.219
0.208
0.214
0.235
0.217
0.224
0.233
0.225
0.217
0.211
0.209
0.21
0.205
0.226
0.22
0.231
0.225
0.225
0.215
0.202
0.216
0.222
0.222
0.214
0.218
0.223
0.22
0.224
0.225
0.219
0.213
0.191
0.222
0.22
0.218
0.225
0.233
0.242
0.225
0.228
0.212
0.222
0.22
0.211
0.207
0.205
0.211
0.241
0.213
0.199
0.226
0.208
0.213
0.233
0.21
0.202
0.22
0.214
0.231
0.233
0.22
0.22
0.221
0.202
0.224
0.215
0.219
0.211
0.21
0.219
0.22
0.225
0.224
0.214
0.219
0.22
0.237
0.223
0.212
0.23
0.216
0.218
0.233
0.236
0.211
0.218
0.216
0.227
0.212
0.208
0.205
0.223
0.23
0.219
0.229
0.223
0.22
0.208
0.223
0.238
0.221
0.233
0.211
0.213
0.216
0.227
0.218
0.236
0.219
0.22
0.232
0.226
0.225
0.233
0.23
0.236
0.224
0.228
0.232
0.196
0.2
0.205
0.24
0.214
0.218
0.206
0.239
0.211
0.207
0.222
0.214
0.226
0.232
0.215
0.227
0.219
0.218
0.217
0.226
0.213
0.227
0.213
0.225
0.236
0.223
0.215
0.22
0.221
0.222
0.22
0.226
0.216
0.215
0.222
0.233
0.224
0.209
0.239
0.221
0.203
0.227
0.213
0.226
0.211
0.217
0.218
0.204
0.212
0.219
0.215
0.216
0.2
0.218
0.208
0.213
0.207
0.235
0.229
0.22
0.208
0.227
0.233
0.212
0.227
0.227
0.225
0.228
0.214
0.239
0.232
0.23
0.226
0.197
0.211
0.223
0.224
0.213
0.228
0.221
0.216
0.224
0.214
0.206
0.224
0.207
0.213
0.211
0.227
0.216
0.221
0.235
0.228
0.226
0.213
0.23
0.222
0.221
0.216
0.206
0.217
0.201
0.238
0.232
0.222
0.216
0.217
0.214
0.223
0.213
0.221
0.221
0.222
0.206
0.215
0.223
0.212
0.229
0.225
0.221
0.22
0.227
0.239
0.209
0.221
0.215
0.229
0.227
0.212
0.217
0.219
0.235
0.221
0.224
0.2
0.216
0.228
0.221
0.217
0.224
0.206
0.233
0.231
0.217
0.223
0.228
0.21
0.215
0.229
0.245
0.222
0.235
0.214
0.218
0.227
0.225
0.232
0.24
0.215
0.235
0.228
0.213
0.221
0.224
0.222
0.218
0.218
0.211
0.231
0.222
0.21
0.217
0.211
0.214
0.222
0.212
0.228
0.23
0.212
0.213
0.211
0.201
0.214
0.233
0.211
0.197
0.225
0.231
0.218
0.221
0.215
0.218
0.198
0.226
0.202
0.218
0.231
0.222
0.216
0.228
0.224
0.223
0.227
0.232
0.21
0.217
0.22
0.223
0.222
0.213
0.209
0.201
0.228
0.213
0.214
0.205
0.209
0.214
0.214
0.207
0.197
0.205
0.2
0.213
0.218
0.222
0.216
0.233
0.222
0.224
0.238
0.224
0.213
0.213
0.21
0.219
0.212
0.225
0.221
0.209
0.217
0.223
0.237
0.216
0.217
0.212
0.226
0.234
0.2
0.231
0.228
0.222
0.216
0.217
0.223
0.224
0.19
0.215
0.217
0.217
0.235
0.211
0.23
0.214
0.219
0.218
0.218
0.213
0.221
0.232
0.208
0.222
0.217
0.224
0.234
0.223
0.214
0.217
0.222
0.208
0.227
0.211
0.235
0.226
0.213
0.224
0.226
0.221
0.215
0.223
0.224
0.215
0.228
0.198
0.227
0.219
0.201
0.221
