-0.0972292480538951
-0.09734775721089337
-0.17896718965155667
-0.28594407535704014
0.012905495157780845
0.05892691052706721
-0.2982723688476402
-0.06607223881953946
0.05291048103623084
0.05286910696804325
0.06186755895672006
0.1576597969358961
0.024772107799938686
-0.05180159616304927
0.08613779955410841
-0.03491040666033993
0.10055466604817281
0.10013007735408633
0.09770636506735697
-0.6068092322395165
-0.7272314203810584
-0.0656206305673766
0.17144354604233025
0.5180773439323936
-0.022052430757725252
-0.02225255554602018
0.15757829629662262
-0.8830667190528507
-0.13548639608702343
0.14091480716645818
0.2966118504237513
-0.23705066008731424
-0.2282273928607057
-0.05553578915841498
-0.278521012840571
0.002952672872043336
0.03858967488008938
-0.36831728857823465
-0.3558597366965321
0.3949797009283097
-0.15778163116132302
0.06393814650128446
0.2691730140934841
-0.25729523525010883
-0.9147435825430746
0.16355405281721977
-1.004354356777507
0.16706030257370447
0.05798233267267342
-0.03356234174571197
-0.274895030256791
0.09488728286125411
-0.006389355568019343
0.0032899558025660715
-0.21002124939378405
0.07905329771516377
-0.6996282152649416
0.15127809502644005
0.28937640020761146
-0.29508379611366825
-0.4376223277286508
0.1240455116283076
-0.405800615265876
0.11930306345419
0.23229587963316906
-0.1994530018611612
0.440161794154089
-1.0651171561195658
0.10435410139092233
0.10548751656275232
0.169608519824176
-0.05125207007059371
-0.5961760391954184
-0.2714499667915813
-0.07916154612819422
-1.5201905211866764
0.17137890216464077
0.28805618752144796
0.07612286229066831
-0.6595022877629203
0.3936233311970401
-0.5247571966385156
-0.13392206201802856
-0.2410027313482481
0.17718698294269233
0.23555565731502473
-0.6657915312217506
-0.42017292132169476
0.03865670038114644
0.18306700240504623
0.3606578682103043
-0.20356704500130962
-0.4659444241561663
0.24793484968860824
-0.1866603047009992
-0.2474780380478754
-0.03728214046173324
0.22240168727097154
-0.28985316510048503
0.29369234024928337
-0.265841550748624
-0.32665928409550027
0.31851592397431555
-0.24101796702359185
-0.4779269594261494
0.1243491711278134
-0.17550089213738926
0.18337724395012842
-0.37615664704777896
0.07662795800198566
0.10831773335108856
0.02575709174520907
-0.11892421865842012
-0.09177197261480535
-0.20217114716556428
-0.09536848790324919
0.06626964214844973
0.0534953541120209
-0.011810434269227319
0.0048155946439996985
0.43582869164138377
-0.15298466633160623
-0.06333006114211072
0.05573190689666676
0.05568466543884711
-0.06451678733604364
0.1607626546209959
-0.2612678639272089
0.09836695380984042
-0.12872839985847975
-0.14146208122817688
-0.1465284385373842
0.043282448020633545
0.036103863393510086
-0.0026332842914382018
0.10043703742143666
0.1331380678625717
0.13657829445113287
-0.0631023164710595
-0.051520443921244455
0.0033747116406278423
-0.17767996694660357
-0.07322672010873073
0.0020944588588666653
0.011169036322162958
0.09190287447020257
-0.0032006548214849185
-0.01753353455351294
-0.7778571523959354
0.037756489517538815
0.18956231233767473
-0.026713190162332496
-0.0022960183908973925
-0.003504070580040008
0.019619728267408276
-0.0044363371435014514
5.981436703961959e-05
-3.0967976404939465e-06
-0.0008795743539586131
0.0004918297796933972
0.0014703420682139793
0.0029447843981762287
-0.010360682381050331
-0.11942301850932505
0.005799505339050683
0.005805537583688927
0.00580553758365296
0.11753404179603744
-0.007613889710651496
-0.007621932573593488
-0.007621932573629457
0.0
9.64327466553287e-17
1.5362864802612478e-10
1.536287444588714e-10
3.857309866213147e-16
0.0
1.2234615433482532e-11
1.2234229702495922e-11
0.03714604973217536
0.09513799670986213
-0.16542010485512776
-0.010608599818354813
-0.04102531544407088
-0.002107249413701148
0.029409802032363683
0.008130048013455403
0.04041914849371134
-1.0087988741764702
0.2692167580653956
-0.6376243643543078
0.06614673638069338
0.07323738059011345
-0.05129833092319588
-0.21685682576783438
-0.16629823880817696
0.022278696343630645
0.02704652684107129
-0.2304296329571082
-0.17987104599745074
-0.024717866332592972
0.0678313819743901
0.4363556880075093
0.1858842793031856
-0.15381256271205063
-0.018710963719603804
0.8345437983088417
-0.600722492424975
-0.07255208449723678
0.03599844944010747
